000012 6
000017 14 12
000023 1 14
000026 6
000032 0 14
000033 0
000034 18
000035 14 10
000036 11
000042 18
000044 8 7
000047 6 8
000048 2 14
000061 3
000064 2
000066 14
000073 15 3 14
000077 7
000078 11
000083 6 14
000089 14 8
000091 6
000104 19 14
000112 11 8
000122 7
000129 1 14
000133 14 12
000134 6
000138 14
000140 11 17
000141 2
000147 8
000153 6
000154 3
000159 14 6
000161 6
000162 19 14
000163 14 13
000164 13 14
000171 11 14
000173 14 12
000174 14
000187 19
000189 2
000192 14 8
000193 14 17
000194 12 14
000198 18
000200 14 4
000207 5
000209 7
000219 13
000220 6 14
000222 10 14 4 8
000225 16
000228 0
000235 8 10 17 15
000242 7
000250 10 4
000256 0
000259 14
000262 6
000263 6
000276 14
000278 11 14
000282 8 14
000288 14 6 5
000294 2
000296 6 3
000306 9
000307 15
000311 6
000312 18
000317 6
000320 6 14
000325 0
000331 8 14
000334 6
000337 1 14
000344 4
000347 12
000349 10 8 19
000355 6
000359 11 14 8
000367 4 6 14
000370 3
000372 14 12
000379 1
000382 3 14
000387 6
000391 15
000394 10 14
000395 2
000400 7
000404 6
000406 6 14
000407 14 12
000411 14
000416 16
000430 7
000431 0 6
000438 14
000446 14
000450 18
000454 11
000463 13 14 6
000468 14
000469 6
000470 12 14
000474 6 3
000476 14 11 17
000477 5 6 1 14
000484 15
000489 2
000496 10 8
000503 17
000508 2
000516 7 14 17
000518 14 5
000519 3
000522 6
000524 12 14
000525 13 14
000526 14 8
000528 7
000535 1 14
000537 11
000541 6 14
000544 7
000549 7
000550 10 8
000552 0
000554 14 17 6
000555 17 14 8
000559 4 19
000565 1
000577 12
000583 13 14
000589 14
000590 6
000592 8 17 15 19
000597 14 8 19
000605 6
000609 11
000612 14 18
000620 6
000622 9
000625 8 14
000632 19 17 8
000633 19 14
000635 18
000648 14 5 0 6
000654 16 14 11
000657 0
000671 1
000672 6
000680 2
000685 13
000688 6 14
000689 18
000695 12 14
000699 11 8
000700 6
000709 14 17 8
000710 7 8 15
000711 15
000726 4 14
000729 15
000731 2 14
000733 14 13
000739 14
000740 3
000753 10 4 14
000754 5 1 6
000761 8 19 17
000764 12
000767 9
000768 5
000770 9 14 1 13
000774 18
000793 14 1 5
000796 2
000804 8 17
000805 11 14
000810 14
000812 1 14
000818 18 6
000820 16
000822 13
000823 6
000827 9
000828 14
000829 5 6 1 14
000830 10 8
000845 0
000849 11
000850 2
000851 13 14
000859 14 17 8
000860 6 14
000865 10 8 15 4 14
000867 15
000871 6
000887 0
000888 6
000889 15
000892 14 13
000898 17 14
000899 18
000900 16
000902 11 14
000904 9 14 12
000906 6 14 3
000908 0
000912 7
000915 10 14 8
000919 11
000929 10 4 8
000936 0
000943 8 14 17
000950 8 10
000951 4
000954 2
000958 11
000962 7 15
000964 2
000965 11 7 17
000966 18 14
000967 14 18
000977 6
000980 2
000987 14 6 13
000989 19
000991 14 12
000993 18
000996 8 10 14
000997 17 19
000999 4 14
001001 7 14
001002 3
001008 13
001010 19
001011 19 14
001014 11 14 8
001015 2
001024 19 14
001036 14
001043 7
001050 14 1
001057 6 14
001060 6 1 14
001064 12 14
001068 13
001071 14 12 6
001073 9
001077 19
001078 7
001079 14 15 10
001082 7 15
001101 14 13
001106 8 10
001112 18 6 15
001113 14
001119 6
001127 11 17
001129 17 14
001130 9
001140 11 14
001147 14
001151 11 14
001152 5 14
001156 7
001158 8
001168 14
001171 13 14
001172 18
001174 17 8 10
001182 9
001191 16
001194 1
001204 17 19 8
001205 3
001207 2
001209 11
001212 14 15
001214 8 19 17
001226 11
001229 4 14
001230 0
001234 14 11 19
001237 6
001239 11
001240 14
001248 14
001258 6
001263 8 17 10
001268 6
001269 14
001270 0
001273 2
001279 14 8
001287 12 14
001294 6
001299 9
001304 14 1
001309 1 14
001312 9
001314 7
001315 17 14
001323 18
001325 3 14
001326 17
001327 14
001332 0
001333 13 14
001334 6
001345 8
001346 4 14
001348 2
001364 6
001365 2
001378 14 2
001384 6
001385 5 6
001388 17 14
001390 14 17
001393 10 8 14 4
001395 7
001402 17 1
001404 7
001405 12 14
001406 11 14 17
001408 4 14 15
001409 6 14
001414 14 6
001418 11
001420 12 14 15
001421 14 8 10
001426 13 14
001427 1 14
001434 14 5
001436 0
001442 9
001450 14 13
001451 10 4 14 15
001453 2
001455 1 14 6
001457 17 8
001468 9
001470 19
001479 14 15
001480 17 14
001483 18
001485 13 14
001486 7
001488 6
001492 6
001494 6
001498 14
001499 14
001501 1 14
001504 14
001512 2
001515 12
001517 11 8
001521 14 12
001524 11 14
001526 14
001528 2
001529 19 17 8
001532 6 5 13 14
001539 1
001548 14 8
001555 7
001556 12
001557 0 14
001559 6
001563 10 14 4 8
001576 6
001579 1 14
001580 14 17 15 4
001586 12 14
001590 4 19
001593 14 10 15
001594 16 14 11
001597 2
001604 6
001607 11
001610 7
001611 14
001612 18
001622 1 14 6
001627 14
001630 14 1
001633 10 8
001636 1
001643 17 11
001649 8 14
001650 19 17 8
001651 14 8
001654 1 14 6
001661 16
001662 6
001669 7
001673 7 4
001676 6
001680 11
001683 8 10
001684 2
001688 13
001690 14 12
001699 12 6
001707 2
001708 0
001711 12 14
001713 9
001714 16
001717 19 14 8
001721 14
001723 13 14
001729 17 15 14 8
001732 3
001733 16
001734 16
001738 11
001739 2
001741 9
001750 16
001752 19
001754 4 14 15
001758 11 14
001759 11 14
001761 0
001765 13
001766 14 12
001768 7
001777 4 8 10 15
001780 13 6
001787 2
001789 18 14
001800 17 14
001806 9 14
001809 19 14 17
001810 19 14
001821 6
001825 7 11
001828 8 14
001832 14 11
001834 10
001836 17 14
001840 7
001841 14
001843 4 14
001845 6
001853 2
001854 13 14
001858 0
001861 1 14
001864 8 14
001870 0
001881 6 14
001892 5
001894 14 12
001896 2
001898 19 15
001902 5 6 14
001903 13 1 14
001904 14
001906 7
001915 2
001922 0
001928 13
001930 18 14
001937 6
001938 14
001941 13 14
001945 14 12
001950 14 6
001952 2
001954 6
001960 12
001963 14 4 10 8
001971 7 8
001977 14
001978 14 8
001980 14 6
001981 7
001985 11
001989 14
001995 8
001999 8 14
002001 0
002002 8
002004 19
002006 7
002012 14
002015 15
002020 2
002025 8 10
002027 5
002034 7 11
002037 2
002039 3
002042 12
002043 12
002047 17
002049 15
002051 14 2
002055 11 14 17
002056 5 6
002061 17 10 14
002068 18
002069 1 14
002095 7
002096 14
002104 14 13
002108 14 10 15
002116 11 17 6 15 14
002117 19 11 14
002120 2 14
002126 9
002132 19
002134 6
002139 4
002151 7
002153 6
002155 13
002156 8 10 14
002158 2
002166 18
002170 6 14
002172 13 14
002176 17 14 15
002178 6
002179 15
002180 18 6 14
002182 6
002186 14 8 10
002187 14 12
002191 13
002192 15
002193 14
002194 8 14
002196 7
002197 6
002199 11
002208 3
002212 2
002215 7
002219 14
002221 14 8 10 4
002224 14
002234 3
002237 9
002238 12 14
002241 6 14
002247 6
002249 12
002253 1 4
002255 0
002256 5 14
002260 13
002265 14 2
002277 11 14
002279 0
002280 19
002284 15
002287 4 11 8
002291 6
002293 14
002306 14
002307 6 14
002310 2
002311 6 14
002315 11
002318 13
002320 15
002321 18
002323 9
002334 8 19
002335 17
002342 14
002347 15
002350 4
002354 0
002355 6
002359 11
002362 8 17 15 14
002368 17 8 10
002373 6
002384 14 11
002392 3
002401 14
002403 14 2 3
002405 12 14
002410 14
002411 6
002413 14
002419 13 14
002420 6
002423 18
002433 14
002436 6
002439 0 6
002442 10 8 4
002443 11 14
002445 7
002448 14 12
002458 13 14
002461 7 17
002465 3
002466 11
002468 2
002471 12
002472 14 0
002478 6
002480 7
002481 14
002483 17 15 7 8 14
002490 5 6
002494 9
002496 18
002500 3
002501 8 17 14
002502 18
002512 11 1
002514 14 19
002518 14 4
002519 13
002533 6 14
002534 6
002539 5 14
002544 6
002545 14 4 17
002547 2
002554 14 12
002555 12 14
002558 1 14
002559 6 8 15
002564 14 17
002569 15
002571 2
002572 4 8 14
002579 2
002590 18
002594 15
002595 6 14
002599 13
002603 2
002609 11
002611 14 11
002625 6 14
002627 17 19 8 10
002634 9
002635 2
002645 19 8
002647 6
002648 16
002653 3
002662 10 14
002664 2
002666 13 6
002669 9 14
002680 11
002682 6
002683 16
002684 12
002691 6 11 14 17
002697 11
002702 8
002704 6
002710 14
002713 12 14
002715 1 14
002722 1
002730 6 14
002735 12 14
002737 0
002738 3
002744 14
002745 4 15
002749 9
002755 14 10
002757 18
002759 13 6 14
002763 9
002765 0
002766 7
002774 12
002778 8 19
002779 6
002782 18
002783 5 6
002791 2
002795 14 13
002796 7
002801 10 8
002804 6 14 12
002807 13 14
002816 5
002817 15
002820 15
002826 11 14
002834 14
002841 14
002844 18
002845 16
002848 13
002855 17 14
002858 12 14
002864 14
002866 8 10
002867 5 14
002868 9 2
002869 0
002870 13 14
002873 0 16
002881 4 14
002899 5 14
002906 18
002914 10 14
002919 2
002931 4 19 14 17
002934 7
002937 6
002939 4 14 8 19
002953 4 19
002956 1
002957 8 11
002958 14
002962 19 14
002969 2
002975 18 14
002976 14
002987 5 14
002988 14
002989 19 8 17
002990 9 14
002992 1 14
002995 7
003002 15 14
003003 14
003007 6
003011 10 8 17 19
003013 6
003024 17 15 19 8 1 14
003027 6 12 14
003034 10 17 15 8 14
003042 8 10 14
003047 1
003051 6
003053 18 6
003061 8
003063 14 17
003066 2
003074 2
003077 17 8 14
003083 6 5
003085 7
003088 4 14
003092 6
003100 14 11
003103 6
003105 9
003106 7 14
003107 14
003108 17 4
003110 11
003116 2
003122 4 14
003124 13 14
003133 0
003134 14
003135 18
003138 14
003140 14
003145 14
003146 15
003147 11 14
003149 4
003150 14 17
003155 2
003157 19
003159 14 4
003161 16 11
003163 5
003165 6
003169 7 17
003175 1 14
003181 4 14
003183 0
003184 7
003185 14 8 4
003188 1 14
003202 10 8 15
003204 19
003205 14 8
003211 15
003214 6
003229 0
003231 6
003233 0
003236 14 17
003240 6 1
003242 2
003244 18
003247 14 4
003253 11 14
003254 2
003259 4 10 14 8
003260 19 14
003261 6 14
003269 4
003270 2 14
003273 2
003279 17
003280 14
003282 14
003284 3 15 8 10 14 17 11
003290 12 14
003292 14
003303 14 12
003308 7 8
003320 14
003330 2
003331 6 14
003336 13
003337 3
003338 2
003339 11
003343 11
003349 2
003350 10 14 8
003354 9
003355 14 6
003356 19
003359 6
003363 6
003365 0
003367 14 13 15
003369 14 0 19
003373 11 14
003374 19 15 11
003379 6
003380 14
003382 16 14
003392 7
003395 1 17 14
003396 13 14
003401 19 8
003406 14 6
003408 17
003412 13 14
003413 3
003416 2 14
003417 18 14
003420 6
003421 8
003424 12 14
003430 11
003433 1 14 8
003436 12 15 14
003439 9
003441 5
003450 14 17 15
003452 10 8
003466 14 10 15
003477 8
003484 14 6
003487 14 19
003489 11
003491 11
003493 0
003496 4 14
003497 18
003499 18
003500 7
003506 15
003508 11
003509 15
003510 8 14
003511 1
003522 7
003524 2
003525 7
003529 10 14
003539 13 14
003548 14
003549 1
003550 14
003551 6
003555 15 6
003564 18
003565 2
003575 17 14
003576 5 13 14
003577 4 14 10
003585 14 13
003586 7
003588 8
003596 6
003599 1
003603 14 10
003604 11 19
003605 18
003608 6
003609 17 8
003614 2
003621 1 14 5
003622 15
003625 12 14
003627 11
003628 14 18
003629 15
003634 6
003635 5
003642 5
003644 14 8 10
003645 12 14
003646 2
003656 7
003658 1
003662 19 8 14
003663 14
003664 8 14
003671 11
003678 19 14 4 10
003679 2
003681 16 11
003688 14
003694 19 17 15 8 14
003695 18
003698 16
003699 17 15 14
003700 14
003704 2
003705 16
003713 6
003714 16
003732 14 12
003735 14 12
003740 14 11
003743 17
003748 2
003749 14
003751 17 7 8 19 14
003752 18
003758 15
003759 14 19
003763 7
003767 8
003773 0
003779 12 14
003781 14
003784 1
003786 5
003788 7 8
003790 6
003792 11
003797 14 3
003806 6
003807 7
003811 3 14
003817 14
003818 18
003824 14 13 6
003827 1 14
003828 2
003830 18
003834 15
003835 6 5
003847 14
003849 13 14
003856 14
003859 4 14 10 8
003860 3 14
003861 3
003865 10 14 8 4
003866 18
003874 16
003879 14
003887 9
003889 12 14 8
003890 7
003898 2
003899 11 14
003907 17 8
003912 7
003913 14
003921 11
003932 4 14 15
003935 11
003936 6
003939 12 14
003945 1 14
003949 2
003953 17 14
003956 15
003961 14
003969 11 2
003970 12 14
003971 6
003974 3 6 14
003983 19
003987 6
003988 8
003991 7
003993 0
003997 6
003998 6
004005 18
004008 11 14
004009 0
004012 14 8
004013 2
004014 8 14
004016 7 14
004017 15 14
004019 6 14
004023 9
004028 8 15 14
004033 14 13
004034 11
004035 7 11
004037 15
004046 2 14
004052 0
004058 14
004067 13 14
004091 14 6
004092 14
004093 8
004095 11
004100 19
004106 19 8 17
004111 19 14 8
004120 5
004121 15 14
004129 7
004131 2
004133 14
004136 1 14 6 5
004137 11 14
004138 14
004140 1 4
004146 12
004149 7 10 8
004152 4
004158 4 14
004163 19
004164 8 19 17
004168 12 14
004169 14
004170 3 14
004171 2
004189 11
004190 19
004196 0
004200 9
004201 14 8
004209 11 14
004215 13
004220 2
004221 2
004223 14
004224 0 14
004228 6
004231 6 19 14
004232 11 14
004237 19 14
004241 3
004242 6
004244 6 14
004247 2
004253 8 10
004255 13
004256 18
004263 2
004269 14
004270 14 8
004271 2
004272 11
004273 14
004280 4
004281 18 14
004283 13
004287 14 7
004291 4 14
004292 15 14
004296 10 4 14
004300 13
004303 5 6
004307 12
004315 18
004318 11
004322 4 14
004325 3
004327 11 14
004333 4
004338 13
004339 12 14
004345 7
004347 2
004359 14 1
004360 14
004361 13 14
004365 6
004367 6
004370 4 14
004371 3
004372 12 14
004376 7
004379 0
004386 6 18
004387 3 5 6 14
004389 12 14
004391 0
004392 8 15 14
004404 7 14
004434 11
004436 18
004439 6
004441 9
004452 0
004470 0 14
004471 14
004479 14 4
004481 6 14
004484 8 10 15
004496 8 14
004500 9
004502 7
004508 4 14
004510 19 8
004514 19
004517 14
004519 6
004520 14
004524 2
004526 6
004537 12 9 14
004540 17
004544 5 6
004548 11
004549 19 8 17
004551 11
004553 12 14
004562 14 17
004563 6 14
004565 11
004566 7
004570 0
004571 9 14
004576 6
004579 18
004584 17
004587 11
004591 18 6
004595 11 14
004597 8
004604 6 14 13
004605 1 14
004607 17 8 14
004611 14 10 8
004612 2
004622 14 1
004623 2
004625 12
004627 18
004628 7
004631 8 14 15
004634 12
004636 2
004643 0
004644 11
004648 14 5
004651 3
004656 12 14
004671 4
004675 18
004679 14 11
004683 7
004685 14
004686 12 14 9
004687 13 14 6
004691 18 6
004693 18 14
004694 14 13
004701 4
004702 2
004705 5 6
004706 14 1
004710 4
004714 17 8 15
004715 14
004718 4 14
004723 14
004735 8
004737 11
004742 10 4 15 8 14
004743 7
004747 6
004748 0 6
004753 8 14 4
004754 19 17
004760 11 14
004773 10 8 19
004776 18
004779 6 14
004782 1 14
004783 2
004790 14
004792 7
004793 6
004794 2
004797 1 14
004799 2
004801 14
004808 6
004815 12 14
004823 6
004828 14 6
004830 6 14
004832 7 14
004836 13
004837 17 8
004841 0
004842 16
004846 17 14
004848 2
004849 18
004857 14 10 8
004869 2
004873 6
004876 2
004879 1 14
004882 13 14
004885 3
004897 14
004898 14 15
004902 12 14
004905 0
004907 7
004910 5
004911 18
004913 14
004929 11
004946 14 6
004951 18
004955 7 19
004958 3
004961 6
004962 6
004966 2
004968 12 14
004972 2
004973 6
004974 2
004976 14 10
004984 8
004987 14
004990 17 14
004991 10 15 8
004992 11
004995 12 14
005001 16
005004 17
005006 2
005007 19
005016 0
005018 11
005020 6
005023 2
005024 14
005026 5
005027 14 8 19
005029 1 14
005032 18
005033 2
005045 14
005047 6
005052 14 4
005057 1 14
005058 16
005061 10 15 14
005065 6
005068 6 5
005071 6
005073 3
005078 7
005084 2
005086 8 14 10
005090 5 14 6
005093 13 14
005094 18 12
005097 11 17 14
005101 8 7
005107 1 14
005108 0 3
005114 14 12 9
005121 11
005122 1 14 4
005124 9 14
005129 8 15 14
005130 2
005134 14
005138 2
005143 15
005153 8 19
005156 13 14 6
005168 18
005169 7 6
005171 3
005173 13 14
005177 17
005181 3
005183 7 15
005186 8 17 15
005189 14
005190 14 15
005191 10 8
005202 2
005203 11 17
005208 14
005215 13
005217 3
005219 14
005223 16
005231 11 14 17
005236 14 12
005244 18
005245 14 4 10
005246 2
005257 14 3
005258 13
005259 6
005260 14 13
005262 6 5
005269 18 14
005273 6 14 1
005283 14
005285 2
005288 16
005290 0
005292 17
005297 14
005303 11 14
005304 4 14
005307 7 14
005310 14
005311 14 10
005318 6
005327 17 14 11
005336 17 14
005337 3
005338 2
005344 1 14
005345 4 10 8
005351 12 14
005358 0 3
005360 18
005363 16
005368 1 14
005369 3
005373 6
005374 14 5
005387 5 6
005388 4
005389 18
005391 0
005396 19 14
005404 9
005405 14
005406 0
005408 11
005410 14 1
005413 14 3
005414 13 14
005417 14
005420 3
005424 1 14
005433 11 17
005440 18
005445 7
005448 5 14 13
005450 14
005451 14 10
005453 11 12
005455 7
005457 6 14
005467 4 14 10
005478 17 14
005483 6
005487 0 14
005489 6
005496 3 14
005499 6 14
005508 14 8
005509 0 14 6
005511 12 14
005514 9
005515 15
005519 7
005524 11 17
005526 19 14
005527 14
005536 6 14
005541 14 4
005542 14
005544 18
005547 9 6 14
005563 19 14 4
005566 6
005568 12
005574 0 14
005579 7
005582 14
005585 14 6
005591 10 8
005592 6
005599 1 14
005600 0 14
005601 11
005603 2
005605 19 8 17 15 4
005609 6
005611 12 14
005624 2
005625 2
005630 7
005631 5 14
005636 12 14
005637 2
005639 1 14
005644 14
005648 14
005654 18
005658 5 14
005668 11
005669 6 5 14
005680 18 14
005686 8 10
005695 14
005697 17 8
005699 3
005700 12 14
005704 10 14
005705 3
005710 8 10
005713 3
005715 7
005718 8
005728 14 9 12
005730 8
005731 5 14
005735 18
005738 6 14
005740 2 14
005742 3
005752 17 11
005756 6
005757 1 14
005764 14
005765 14
005769 7
005780 14
005782 6
005783 13
005784 8 14
005786 14
005789 11 17
005796 14 19
005803 10
005805 2
005806 6
005813 15
005814 19 14 4
005817 15
005821 15 8
005824 14
005826 14
005831 6
005836 14
005838 7
005840 14
005843 9
005850 7 14
005851 18
005859 14
005860 3
005861 6
005864 17 8
005867 19 8
005873 11 14
005881 14
005884 13 14
005885 14
005888 11
005889 14
005893 18
005895 0
005899 11 6
005901 7
005903 18 14
005905 14
005908 14 4
005909 2
005910 2 14
005911 5
005918 6
005920 17 10 8
005923 1 14 8 17 15 19
005930 1 14
005938 8 14
005947 16
005948 11 12 14
005951 13 14
005960 7
005961 5 14
005964 16
005971 14
005980 7
005983 2
005984 11 17 14
005990 13 14
005992 17 14 11
006004 8 14
006009 6
006011 6 14
006020 17 8
006023 18
006025 0
006030 8 10
006033 14
006038 6 13 14
006043 6 14
006061 7 4 19
006065 11
006066 17 8 19
006067 0
006070 2
006073 9 14
006074 19
006078 19 8
006079 3 6
006088 8 17 15
006091 2
006095 9 12 14
006096 5
006100 17 15 8 11
006103 6 14
006104 17 14 6
006105 7
006123 3
006128 6 14 16
006130 17 14
006131 19
006134 12
006135 18
006140 10 14
006141 4
006156 14
006158 19 14 17
006162 0
006166 18
006170 9
006171 14 17 11
006172 14
006174 11
006175 14
006176 14
006177 13 14 9
006179 19 14
006180 4 14
006181 2
006183 7
006187 14
006189 4 11 15
006196 6
006208 0
006210 6 14
006221 14 1
006223 6
006224 6
006225 6 14
006229 14
006230 11
006236 13 14
006238 19 14
006243 13 14
006247 16
006250 6
006251 16
006261 6
006262 7
006264 2
006267 11
006270 8 15
006272 14 13
006275 18
006279 0
006285 14 12
006289 8 10 14
006290 6 5
006291 9
006299 4 15
006304 3
006305 7
006320 6 14
006329 6
006341 14
006344 18 14
006349 0
006352 5 14
006353 7
006362 6
006363 4
006366 11
006367 2
006369 6 14
006371 1
006374 0
006375 6
006381 4 14 10 8
006382 12
006395 19 14 8
006400 18
006411 19 17
006417 6
006418 1
006419 8
006427 14
006429 12
006433 0 14
006434 11
006436 3
006438 6
006442 14
006447 8 10 15
006448 4
006455 12 14
006458 6
006459 12 14 6
006462 7
006466 18
006470 2
006472 19
006474 11
006475 2 14
006476 14 13
006482 14
006483 14 4
006486 4 14
006495 7
006499 18
006501 5
006503 4 14 10
006506 12 14
006515 1
006523 0
006524 6
006536 14
006547 7
006548 2
006549 3
006550 13 14 1
006551 1 14
006556 11
006560 14
006564 0
006569 5
006595 7
006597 11
006602 11 14
006605 8 15
006609 11 14
006610 10 4 14
006612 14 9
006622 17 19
006626 10 14 4
006627 8 15 10
006635 18
006636 0
006637 1 14
006638 17
006648 4 14
006652 18
006654 6
006658 10 14 8
006660 6 3
006674 7
006684 19
006689 8 10
006694 18
006695 14
006697 14
006698 14
006703 14
006704 19
006706 2 6
006707 8 17 14
006708 9
006714 14
006726 15
006727 17 4 14
006731 4 14 10
006734 6
006735 11 14
006736 6
006738 14 1
006740 7
006748 6 14
006753 14
006755 8 15 19
006766 5 6 14
006773 0 3
006777 15 14
006781 7
006782 14
006784 14
006794 0
006805 11
006806 15
006810 14
006822 13 6
006824 8 14
006825 2
006833 16 14
006836 12 14
006839 13
006840 14
006844 18
006845 8
006847 12 14
006848 2
006849 11 17
006852 17 8
006858 12 14 4 6
006864 14
006866 14 12
006868 6 14
006869 7
006874 13 3 14
006883 7
006887 14 8
006893 6
006896 14
006899 16
006900 6
006909 0
006910 2 14
006911 14 12
006912 10 14 4 8
006914 2
006916 11
006917 4
006919 17 4 14
006930 17
006931 6
006939 14 4
006943 18 14
006947 19
006948 4 14
006950 14 1
006958 11 14 10
006959 14
006968 17 11 14
006971 7
006976 8 7
006983 3 14
007002 5
007003 5 6
007006 10 8
007007 14 10 4
007011 11
007016 14
007018 12
007023 19 8 14
007025 7
007029 1
007033 0
007036 14
007039 19
007040 14 6
007045 14 9
007050 7
007062 1
007064 10 8 17
007072 9
007073 13 14
007075 9
007078 15 8 17
007079 14
007080 14
007088 0
007089 11
007090 6
007092 2
007093 14 8
007095 5
007105 17
007108 1 14
007113 19
007121 4 14
007125 3
007128 14
007129 11 14
007130 19 15
007133 6
007138 14 12
007150 14 13
007152 0
007154 14
007159 6 14
007163 14 12
007166 11 19
007168 18
007177 10 4 8
007180 17 7 15 8
007182 14
007184 14
007185 12
007193 17
007194 2
007197 7
007205 6
007213 8 10 14
007214 11 14
007219 19 8
007222 18
007223 7
007234 12 14
007241 5
007243 12 14
007250 4 19
007256 1 14
007261 6 14
007263 19 8 17
007271 5 14 13
007279 5 6
007285 6
007289 3
007295 7
007298 5 14
007305 13 14 6
007308 12 14
007322 11
007323 4
007325 12 14
007327 8 1
007334 7
007336 14
007351 4
007361 18 3
007365 3
007369 8 14
007370 4
007373 10 8
007375 0 14
007381 14
007385 17
007389 9
007394 19
007396 15 13 6
007398 5 14
007410 4 14
007411 11
007413 0 14
007417 11 7 17
007419 7
007421 2
007425 17 11
007431 2
007437 5
007446 1 14 6
007454 7
007458 8 10 19
007466 13 1 14 8
007467 18
007468 6
007474 11
007477 3
007479 6
007481 2
007483 14
007490 6
007491 17
007493 14 8 4
007497 6 14
007503 0
007513 18
007519 15
007521 3
007524 7
007526 14 12
007530 19 7 8
007535 14
007536 17
007538 8
007540 17 14
007544 19 8 10
007558 14 8 4 15
007565 7
007566 6 14
007570 14 12
007572 10 4 8 14
007575 5
007578 11 14
007586 18 14
007590 14
007594 12 14
007600 15
007601 6
007606 14
007611 14 12
007619 8 14 15
007621 16
007629 14
007631 14 4 8
007633 5
007637 12
007653 6 14
007654 0
007655 1
007663 6
007667 6
007683 11 14
007685 3
007692 11
007696 18
007697 12 14
007699 6 14
007704 15 17
007713 2
007718 14 3
007721 2 6
007729 19
007731 6
007735 14 10 8
007736 5 6
007740 4
007748 12 14
007749 11
007751 4 10 14
007753 7
007762 19 4 8 7
007767 18
007775 11
007777 10 14
007781 15
007790 8 6 4
007791 11
007795 14 15 8
007803 3
007809 12 14
007810 10 14
007814 15 14
007819 18 6
007820 0
007821 6 14
007831 2
007836 1 14
007838 11
007840 2
007847 2
007853 2
007854 1
007859 16
007863 7
007864 0
007872 10 14
007876 2
007877 14
007878 7 14
007883 6 18
007884 14 1
007885 7
007898 6
007900 11 17
007901 14
007905 6
007908 5
007910 14
007911 13 14
007914 2
007915 19 14
007923 8 17
007925 1 15
007926 18
007932 6 14
007939 9
007940 14
007953 14 1
007959 17 8
007963 14 6 18
007964 14 6
007968 11
007974 7
007976 0
007980 3
007991 2
007996 14 8 17 19
008001 6
008004 5
008005 9 11
008008 13 14
008012 15
008017 2
008019 12 14 6
008026 5 14 6
008037 6
008040 14 12
008042 17 14 4
008043 15 14
008044 5 6
008049 19
008051 2
008053 2 14
008062 2
008063 8
008064 2 15
008067 19
008072 10 14 8
008075 11
008076 10 8 19 17
008079 14 11 6
008082 15 14
008083 14 17
008084 2
008093 6
008095 18
008096 1 14
008098 6 5
008106 8 15
008108 13 14 6
008116 16
008117 2
008121 19
008127 10 8 15 14
008130 11 14
008137 4 14
008139 4 14
008142 14 12
008150 16
008163 3 14
008164 14 4
008166 3
008169 7 6
008174 6
008186 11
008188 6 14
008197 6
008199 8 14 15
008202 9
008203 17
008204 4 19 14
008211 14
008213 8 4 19
008216 15 8 10 14
008218 14
008223 16
008226 2
008232 14 6
008235 18
008248 12 14
008250 13
008252 0
008253 14 1
008254 7
008260 11 17
008261 14 3
008262 5
008263 18 14
008269 7
008272 14 11 8
008280 0
008282 19 17
008296 6
008301 14
008302 19 14
008310 0
008311 12
008312 13 14
008313 1 14
008315 5 6 14 13
008316 18
008317 2
008322 11
008332 14 11
008336 6
008338 5
008341 17 8 14 15
008342 9 16
008346 11
008351 18
008360 5 6 14
008372 0
008374 19 14
008381 14
008384 2
008385 10 14 8
008388 6
008391 6 14
008397 6 14 5
008398 14
008403 7
008409 19 17
008422 19
008425 11
008426 2
008427 12
008437 12 14
008442 7
008443 2
008445 18 14
008449 6 3 14
008452 17 14
008453 7 14 8
008456 3
008462 8 19
008465 15
008466 6
008467 11 14 4
008468 17 8 15
008470 10 14 8
008475 14 9
008477 11
008478 1 6
008482 6 14
008483 6
008495 0
008506 18
008517 6
008523 0
008529 10 14
008530 11
008533 7 17
008536 15
008549 6 15
008550 6 14
008558 11
008559 14
008568 3
008581 6
008585 14
008587 17 14 15
008588 2
008595 13
008596 12 14
008602 17 14
008610 12
008615 9
008617 14
008618 16 14
008628 8 17 14
008633 1 6
008645 3
008655 15 11 19 10 8
008663 6 14
008665 6 17 14
008670 2
008676 13 6 14
008688 15
008690 14
008691 18
008699 12 14
008702 5 1 14
008706 9 6 14
008710 18
008720 7
008723 0
008725 3
008727 6
008731 12 14
008732 2
008738 11 14
008741 1
008744 14 12
008748 14
008750 6
008755 2
008756 7
008757 1
008760 8 17
008764 2
008768 14 6
008770 0
008771 5 14
008776 2
008783 4 10 8
008784 6 3
008790 18
008794 14 6
008806 15
008809 7
008811 1
008813 2 14
008814 8 10
008815 7
008819 11
008838 5 6 14
008840 11
008841 11 4
008847 0
008856 7
008862 12 14
008865 14 17
008872 14
008878 18
008879 14 17
008883 5
008885 7
008886 12 14
008891 6 14
008900 3 14 11
008905 0
008909 6
008920 16 14
008923 6
008926 2
008929 6
008930 7
008932 14 10
008933 7 15
008936 8
008939 6
008944 14
008948 8 19
008958 6
008960 14 6
008961 8 14
008962 4
008966 5 6
008967 4
008968 6
008969 6
008970 15 19
008971 0
008973 9
008975 17 8 14
008978 6
008979 13 14
008980 11
008985 2
008987 17 15
008988 18
008989 4
008995 1
008999 3
009000 11 14 6
009004 13
009005 14 1
009016 4
009018 2
009020 14 12
009027 4
009029 6
009032 15 19
009036 1 14
009042 11
009045 14 6
009049 13 14
009058 6
009059 5
009063 0
009066 11
009068 17 8 14 15
009073 5 6 14
009078 6 14 15
009080 2
009086 18
009098 7
009099 2
009100 4
009106 6
009108 4
009114 12 14
009117 11
009121 6
009123 10 8 15 14
009136 8 14
009144 2
009148 12
009153 14
009160 13 14
009161 5 14
009166 2
009173 19
009175 7 15
009181 15
009184 14
009185 11
009191 13
009196 19
009197 11 14
009200 19 8 17
009205 6
009208 14 12
009209 13 14
009214 1 6 14
009215 15
009218 18
009227 11 16
009230 14 13
009238 14
009242 17 14 4
009245 9
009251 12 14
009252 17 15 8
009255 12
009259 14 13
009269 6
009270 2
009271 16
009272 0
009283 5 6 14
009285 7
009287 13 14
009288 14
009289 18
009290 14 4 17 8
009295 14 1 19
009296 14
009299 10 14 4
009306 7 14 17
009307 0
009308 9 14
009316 14
009318 14 12 6
009324 2
009325 19
009327 14 11
009333 19 11 17 8
009336 6 14
009339 8 1
009342 14 7 17 15
009343 14 17 8
009358 5 6 14
009359 8 17
009362 14
009365 0
009377 14 18
009386 5
009388 19 8 4
009389 18
009392 5 6
009393 13 1 14
009394 0 14
009398 7
009406 6
009407 14 12
009409 5 6
009410 14
009411 6 14
009413 8 14 10
009417 16
009418 11 14
009419 15
009420 10 4 14 8
009421 14 17
009422 2
009424 6 14
009429 9
009432 0
009434 6 14
009446 19
009458 4
009460 14
009463 9
009465 12
009466 8
009469 6 14
009476 0
009488 2
009490 14
009491 17 15
009496 14
009497 14 4
009499 14
009504 13 14
009508 18
009512 12 14 9
009515 6
009516 7
009518 11 14
009520 8 14
009523 0
009524 14
009526 10 8 14
009528 7
009537 14 18
009541 14 8
009542 8 14
009545 9
009549 7
009551 14
009557 1 14
009562 11
009566 2
009573 13 14
009576 19
009577 14 8 10
009579 14
009584 7
009585 14 4
009587 11
009596 13 14 6
009600 1 14
009605 11
009609 2 14
009613 8 10 17 14 4
009614 6 14
009615 0
009618 1 14
009621 2
009623 6
009629 0
009634 15
009637 18
009638 8 14 15 10
009644 6
009650 9
009654 14 4
009656 1 14 19
009659 8 14
009664 4
009666 4 14
009668 11 14
009671 6 14
009679 4
009684 17 14
009691 13 14
009693 14 17
009702 0
009703 1 14
009707 7
009709 4
009713 11 14 8
009717 9 3 14
009718 18 6 14
009721 8 14
009729 6
009733 6
009734 5 14
009735 8
009749 2
009755 17 14
009756 14 13
009762 1 14 6 5
009763 17 7 11
009774 6
009776 14 13 6
009789 14
009790 18
009792 8 14
009797 11
009800 2 14
009805 7
009807 12
009808 12
009810 6
009813 17 14
009825 8
009828 8 14
009830 6
009832 5
009834 6
009839 6
009842 16
009845 6 14 5
009848 14 1 6
009851 12 14
009852 7
009855 18
009859 14
009860 18
009867 19 14
009868 14
009869 14
009872 8
009874 12 14
009877 14
009878 17 4 14 15
009879 6 14
009882 19 14
009884 15
009887 15
009896 7
009904 6
009911 0
009918 11 14
009920 6
009926 14 1
009938 13 6
009940 2
009942 14
009944 13 14
009945 16
009949 17 8 14
009959 6
009961 11
